#bits=1001000000010000000000000000000000000000001100110000000000000000000000001111111111111111111111111111111100000001000000000000000000000000011101110000000011111111111111110000000000000000000000000000000100000001000000000000000011111111101001010000111111111110, len=256
-19492
15256
17099
-17939
-14284
20180
11117
-21925
-7676
23129
7749
-22839
-11333
21061
14638
-18764
-17582
16005
20094
-12852
-22110
9382
23582
-5682
-24474
1841
24763
2044
-24442
-5880
23520
9571
-22018
-13025
19974
16160
-17438
-18896
14473
21167
-11151
-22917
7555
24103
-3773
-24695
-102
24679
3974
-24055
-4047
23765
318
-23814
3419
23278
-7072
-22168
10550
20513
-13769
-18352
16649
15740
-19119
-12740
21118
9426
-22597
-5880
23520
9571
-22018
-13025
19974
16160
-17438
-18896
14473
21167
-11151
-22917
7555
24103
-3773
-24695
-102
24679
3974
-24055
-7749
22839
11333
-21061
-14638
18764
17582
-16005
-20094
12852
22110
-9382
-23582
5682
24474
-1841
-24763
-2044
24442
5880
-23520
-9571
22018
13025
-19974
-16160
17438
18896
-14473
-21167
11151
22917
-7555
-24103
3773
24695
102
-24679
-3974
24055
7749
-22839
-11333
21061
14638
-18764
-17582
16005
20094
-12852
-22110
9382
23582
-5682
-24474
1841
24763
2044
-24442
-5880
23520
9571
-22018
-13025
19974
16160
-17438
-18896
14473
21167
-11151
-22917
7555
24103
-3773
-24695
-102
24679
3974
-24055
-7749
22839
11333
-21061
-14638
18764
17582
-16005
-20094
12852
22110
-9382
-23582
5682
24474
-1841
-24763
-2044
24442
5880
-23520
-9571
22018
13025
-19974
-16160
17438
18896
-14473
-21167
11151
22917
-7555
-24103
3773
24695
102
-24679
-3974
24055
4047
-23765
-318
23814
-3419
-23278
7072
22168
-10550
-20513
13769
18352
-16649
-15740
19119
12740
-21118
-9426
22597
5880
-23520
-9571
22018
13025
-19974
-16160
17438
18896
-14473
-21167
11151
22917
-7555
-24103
3773
24695
102
-24679
-3974
24055
7749
-22839
-11333
21061
14638
-18764
-17582
16005
20094
-12852
-22110
9382
23582
-5682
-24474
1841
24763
2044
-24442
-5880
23520
9571
-22018
-13025
19974
16160
-17438
-18896
14473
21167
-11151
-22917
7555
24103
-3773
-24695
-102
24679
3974
-24055
-7749
22839
11333
-21061
-14638
18764
17582
-16005
-20094
12852
22110
-9382
-23582
5682
24474
-1841
-24763
-2044
24442
5880
-23520
-9571
22018
13025
-19974
-16160
17438
18896
-14473
-21167
11151
22917
-7555
-24103
3773
24695
102
-24679
-3974
24055
7749
-22839
-11333
21061
14638
-18764
-17582
16005
20094
-12852
-22110
9382
23582
-5682
-24474
1841
24763
2044
-24442
-5880
23520
9571
-22018
-13025
19974
16160
-17438
-18896
14473
21167
-11151
-22917
7555
24103
-3773
-24695
-102
24679
3974
-24055
-7749
22839
11333
-21061
-14638
18764
17582
-16005
-20094
12852
22110
-9382
-23582
5682
24474
-1841
-24763
-2044
24442
5880
-23520
-9571
22018
13025
-19974
-16160
17438
18896
-14473
-21167
11151
22917
-7555
-24103
3773
24695
102
-24679
-3974
24055
7749
-22839
-11333
21061
14638
-18764
-17582
16005
20094
-12852
-22110
9382
23582
-5682
-24474
1841
24763
2044
-24442
-5880
23520
9571
-22018
-13025
19974
16160
-17438
-18896
14473
21167
-11151
-22917
7555
24103
-3773
-24695
-102
24679
3974
-24055
-7749
22839
11333
-21061
-14638
18764
17582
-16005
-20094
12852
22110
-9382
-23582
5682
24474
-1841
-24763
-2044
24442
5880
-23520
-9571
22018
13025
-19974
-16160
17438
18896
-14473
-21167
11151
22917
-7555
-24103
3773
24695
102
-24679
-3974
24055
7749
-22839
-11333
21061
14638
-18764
-17582
16005
20094
-12852
-22110
9382
23582
-5682
-24474
1841
24763
2044
-24442
-5880
23520
9571
-22018
-13025
19974
16160
-17438
-18896
14473
21167
-11151
-22917
7555
24103
-3773
-24695
-102
24679
3974
-24055
-7749
22839
11333
-21061
-14638
18764
17582
-16005
-20094
12852
22110
-9382
-23582
5682
24474
-1841
-24763
-2044
24442
5880
-23520
-9571
22018
13025
-19974
-16160
17438
18896
-14473
-21167
11151
22917
-7555
-24103
3773
24695
102
-24679
-3974
24055
7749
-22839
-11333
21061
14638
-18764
-17582
16005
20094
-12852
-22110
9382
23582
-5682
-24474
1841
24763
2044
-24442
-5880
23520
9571
-22018
-13025
19974
16160
-17438
-18896
14473
21167
-11151
-22917
7555
24103
-3773
-24695
-102
24679
3974
-24055
-7749
22839
11333
-21061
-14638
18764
17582
-16005
-20094
12852
22110
-9382
-23582
5682
24474
-1841
-24763
-2044
24442
5880
-23520
-9571
22018
13025
-19974
-16160
17438
18896
-14473
-21167
11151
22917
-7555
-24103
3773
24695
102
-24679
-3974
24055
7749
-22839
-11333
21061
14638
-18764
-17582
16005
20094
-12852
-22110
9382
23582
-5682
-24474
1841
24763
2044
-24442
-5880
23520
9571
-22018
-13025
19974
16160
-17438
-18896
14473
21167
-11151
-22917
7555
24103
-3773
-24695
-102
24679
3974
-24055
-7749
22839
11333
-21061
-14638
18764
17582
-16005
-20094
12852
22110
-9382
-23582
5682
24474
-1841
-24763
-2044
24442
5880
-23520
-9571
22018
13025
-19974
-16160
17438
18896
-14473
-21167
11151
22917
-7555
-24103
3773
24695
102
-24679
-3974
24055
7749
-22839
-11333
21061
14638
-18764
-17582
16005
20094
-12852
-22110
9382
23582
-5682
-24474
1841
24763
2044
-24442
-5880
23520
9571
-22018
-13025
19974
16160
-17438
-18896
14473
21167
-11151
-22917
7555
24103
-3773
-24695
-102
24679
3974
-24055
-7749
22839
11333
-21061
-14638
18764
17582
-16005
-20094
12852
22110
-9382
-23582
5682
24474
-1841
-24763
-2044
24442
5880
-23520
-9571
22018
13025
-19974
-16160
17438
18896
-14473
-21167
11151
22917
-7555
-24103
3773
24695
102
-24679
-3974
24055
7749
-22839
-11333
21061
14638
-18764
-17582
16005
20094
-12852
-22110
9382
23582
-5682
-24474
1841
24763
2044
-24442
-5880
23520
2189
-23863
1555
23619
-5262
-22793
8838
21406
-12197
-19492
15256
17099
-17939
-14284
20180
11117
-21925
-7676
23129
4047
-23765
-318
23814
-3419
-23278
7072
22168
-10550
-20513
13769
18352
-16649
-15740
19119
12740
-21118
-9426
22597
5880
-23520
-9571
22018
13025
-19974
-16160
17438
18896
-14473
-21167
11151
22917
-7555
-24103
3773
24695
102
-24679
-3974
24055
7749
-22839
-11333
21061
14638
-18764
-17582
16005
20094
-12852
-22110
9382
23582
-5682
-24474
1841
24763
2044
-24442
-5880
23520
2189
-23863
1555
23619
-5262
-22793
8838
21406
-12197
-19492
15256
17099
-17939
-14284
20180
11117
-21925
-7676
23129
4047
-23765
-318
23814
-3419
-23278
7072
22168
-10550
-20513
13769
18352
-16649
-15740
19119
12740
-21118
-9426
22597
5880
-23520
-9571
22018
13025
-19974
-16160
17438
18896
-14473
-21167
11151
22917
-7555
-24103
3773
24695
102
-24679
-3974
24055
7749
-22839
-11333
21061
14638
-18764
-17582
16005
20094
-12852
-22110
9382
23582
-5682
-24474
1841
24763
2044
-24442
-5880
23520
9571
-22018
-13025
19974
16160
-17438
-18896
14473
21167
-11151
-22917
7555
24103
-3773
-24695
-102
24679
3974
-24055
-7749
22839
11333
-21061
-14638
18764
17582
-16005
-20094
12852
22110
-9382
-23582
5682
24474
-1841
-24763
-2044
24442
5880
-23520
-9571
22018
13025
-19974
-16160
17438
18896
-14473
-21167
11151
22917
-7555
-24103
3773
24695
102
-24679
-3974
24055
7749
-22839
-11333
21061
14638
-18764
-17582
16005
20094
-12852
-22110
9382
23582
-5682
-24474
1841
24763
2044
-24442
-5880
23520
9571
-22018
-13025
19974
16160
-17438
-18896
14473
21167
-11151
-22917
7555
24103
-3773
-24695
-102
24679
3974
-24055
-7749
22839
11333
-21061
-14638
18764
17582
-16005
-20094
12852
22110
-9382
-23582
5682
24474
-1841
-24763
-2044
24442
5880
-23520
-9571
22018
13025
-19974
-16160
17438
18896
-14473
-21167
11151
22917
-7555
-24103
3773
24695
102
-24679
-3974
24055
7749
-22839
-11333
21061
14638
-18764
-17582
16005
20094
-12852
-22110
9382
23582
-5682
-24474
1841
24763
2044
-24442
-5880
23520
9571
-22018
-13025
19974
16160
-17438
-18896
14473
21167
-11151
-22917
7555
24103
-3773
-24695
-102
24679
3974
-24055
-7749
22839
11333
-21061
-14638
18764
17582
-16005
-20094
12852
22110
-9382
-23582
5682
24474
-1841
-24763
-2044
24442
5880
-23520
-9571
22018
13025
-19974
-16160
17438
18896
-14473
-21167
11151
22917
-7555
-24103
3773
24695
102
-24679
-3974
24055
7749
-22839
-11333
21061
14638
-18764
-17582
16005
20094
-12852
-22110
9382
23582
-5682
-24474
1841
24763
2044
-24442
-5880
23520
9571
-22018
-13025
19974
16160
-17438
-18896
14473
21167
-11151
-22917
7555
24103
-3773
-24695
-102
24679
3974
-24055
-7749
22839
11333
-21061
-14638
18764
17582
-16005
-20094
12852
22110
-9382
-23582
5682
24474
-1841
-24763
-2044
24442
5880
-23520
-9571
22018
13025
-19974
-16160
17438
18896
-14473
-21167
11151
22917
-7555
-24103
3773
24695
102
-24679
-3974
24055
7749
-22839
-11333
21061
14638
-18764
-17582
16005
20094
-12852
-22110
9382
23582
-5682
-24474
1841
24763
2044
-24442
-5880
23520
9571
-22018
-13025
19974
16160
-17438
-18896
14473
21167
-11151
-22917
7555
24103
-3773
-24695
-102
24679
3974
-24055
-7749
22839
11333
-21061
-14638
18764
17582
-16005
-20094
12852
22110
-9382
-23582
5682
24474
-1841
-24763
-2044
24442
5880
-23520
-9571
22018
13025
-19974
-16160
17438
18896
-14473
-21167
11151
22917
-7555
-24103
3773
24695
102
-24679
-3974
24055
7749
-22839
-11333
21061
14638
-18764
-17582
16005
20094
-12852
-22110
9382
23582
-5682
-24474
1841
24763
2044
-24442
-5880
23520
9571
-22018
-13025
19974
16160
-17438
-18896
14473
21167
-11151
-22917
7555
24103
-3773
-24695
-102
24679
3974
-24055
-7749
22839
11333
-21061
-14638
18764
17582
-16005
-20094
12852
22110
-9382
-23582
5682
24474
-1841
-24763
-2044
24442
5880
-23520
-2189
23863
-1555
-23619
5262
22793
-8838
-21406
12197
19492
-15256
-17099
17939
14284
-20180
-11117
21925
7676
-23129
-4047
23765
318
-23814
3419
23278
-7072
-22168
10550
20513
-13769
-18352
16649
15740
-19119
-12740
21118
9426
-22597
-5880
23520
2189
-23863
1555
23619
-5262
-22793
8838
21406
-12197
-19492
15256
17099
-17939
-14284
20180
11117
-21925
-7676
23129
4047
-23765
-318
23814
-3419
-23278
7072
22168
-10550
-20513
13769
18352
-16649
-15740
19119
12740
-21118
-9426
22597
5880
-23520
-2189
23863
-1555
-23619
5262
22793
-8838
-21406
12197
19492
-15256
-17099
17939
14284
-20180
-11117
21925
7676
-23129
-4047
23765
318
-23814
3419
23278
-7072
-22168
10550
20513
-13769
-18352
16649
15740
-19119
-12740
21118
9426
-22597
-5880
23520
2189
-23863
1555
23619
-5262
-22793
8838
21406
-12197
-19492
15256
17099
-17939
-14284
20180
11117
-21925
-7676
23129
4047
-23765
-318
23814
-3419
-23278
7072
22168
-10550
-20513
13769
18352
-16649
-15740
19119
12740
-21118
-9426
22597
5880
-23520
-2189
23863
-1555
-23619
5262
22793
-8838
-21406
12197
19492
-15256
-17099
17939
14284
-20180
-11117
21925
7676
-23129
-4047
23765
318
-23814
3419
23278
-7072
-22168
10550
20513
-13769
-18352
16649
15740
-19119
-12740
21118
9426
-22597
-5880
23520
2189
-23863
1555
23619
-5262
-22793
8838
21406
-12197
-19492
15256
17099
-17939
-14284
20180
11117
-21925
-7676
23129
4047
-23765
-318
23814
-3419
-23278
7072
22168
-10550
-20513
13769
18352
-16649
-15740
19119
12740
-21118
-9426
22597
5880
-23520
-2189
23863
-1555
-23619
5262
22793
-8838
-21406
12197
19492
-15256
-17099
17939
14284
-20180
-11117
21925
7676
-23129
-4047
23765
318
-23814
3419
23278
-7072
-22168
10550
20513
-13769
-18352
16649
15740
-19119
-12740
21118
9426
-22597
-5880
23520
2189
-23863
1555
23619
-5262
-22793
8838
21406
-12197
-19492
15256
17099
-17939
-14284
20180
11117
-21925
-7676
23129
4047
-23765
-318
23814
-3419
-23278
7072
22168
-10550
-20513
13769
18352
-16649
-15740
19119
12740
-21118
-9426
22597
5880
-23520
-2189
23863
-1555
-23619
5262
22793
-8838
-21406
12197
19492
-15256
-17099
17939
14284
-20180
-11117
21925
7676
-23129
-4047
23765
318
-23814
3419
23278
-7072
-22168
10550
20513
-13769
-18352
16649
15740
-19119
-12740
21118
9426
-22597
-5880
23520
2189
-23863
1555
23619
-5262
-22793
8838
21406
-12197
-19492
15256
17099
-17939
-14284
20180
11117
-21925
-7676
23129
4047
-23765
-318
23814
-3419
-23278
7072
22168
-10550
-20513
13769
18352
-16649
-15740
19119
12740
-21118
-9426
22597
5880
-23520
-2189
23863
-1555
-23619
5262
22793
-8838
-21406
12197
19492
-15256
-17099
17939
14284
-20180
-11117
21925
7676
-23129
-4047
23765
318
-23814
3419
23278
-7072
-22168
10550
20513
-13769
-18352
16649
15740
-19119
-12740
21118
9426
-22597
-5880
23520
2189
-23863
1555
23619
-5262
-22793
8838
21406
-12197
-19492
15256
17099
-17939
-14284
20180
11117
-21925
-7676
23129
4047
-23765
-318
23814
-3419
-23278
7072
22168
-10550
-20513
13769
18352
-16649
-15740
19119
12740
-21118
-9426
22597
5880
-23520
-2189
23863
-1555
-23619
5262
22793
-8838
-21406
12197
19492
-15256
-17099
17939
14284
-20180
-11117
21925
7676
-23129
-4047
23765
318
-23814
3419
23278
-7072
-22168
10550
20513
-13769
-18352
16649
15740
-19119
-12740
21118
9426
-22597
-5880
23520
2189
-23863
1555
23619
-5262
-22793
8838
21406
-12197
-19492
15256
17099
-17939
-14284
20180
11117
-21925
-7676
23129
4047
-23765
-318
23814
-3419
-23278
7072
22168
-10550
-20513
13769
18352
-16649
-15740
19119
12740
-21118
-9426
22597
5880
-23520
-2189
23863
-1555
-23619
5262
22793
-8838
-21406
12197
19492
-15256
-17099
17939
14284
-20180
-11117
21925
7676
-23129
-4047
23765
318
-23814
3419
23278
-7072
-22168
10550
20513
-13769
-18352
16649
15740
-19119
-12740
21118
9426
-22597
-5880
23520
2189
-23863
1555
23619
-5262
-22793
8838
21406
-12197
-19492
15256
17099
-17939
-14284
20180
11117
-21925
-7676
23129
4047
-23765
-318
23814
-3419
-23278
7072
22168
-10550
-20513
13769
18352
-16649
-15740
19119
12740
-21118
-9426
22597
5880
-23520
-9571
22018
13025
-19974
-16160
17438
18896
-14473
-21167
11151
22917
-7555
-24103
3773
24695
102
-24679
-3974
24055
7749
-22839
-11333
21061
14638
-18764
-17582
16005
20094
-12852
-22110
9382
23582
-5682
-24474
1841
24763
2044
-24442
-5880
23520
9571
-22018
-13025
19974
16160
-17438
-18896
14473
21167
-11151
-22917
7555
24103
-3773
-24695
-102
24679
3974
-24055
-7749
22839
11333
-21061
-14638
18764
17582
-16005
-20094
12852
22110
-9382
-23582
5682
24474
-1841
-24763
-2044
24442
5880
-23520
-9571
22018
13025
-19974
-16160
17438
18896
-14473
-21167
11151
22917
-7555
-24103
3773
24695
102
-24679
-3974
24055
7749
-22839
-11333
21061
14638
-18764
-17582
16005
20094
-12852
-22110
9382
23582
-5682
-24474
1841
24763
2044
-24442
-5880
23520
9571
-22018
-13025
19974
16160
-17438
-18896
14473
21167
-11151
-22917
7555
24103
-3773
-24695
-102
24679
3974
-24055
-4047
23765
318
-23814
3419
23278
-7072
-22168
10550
20513
-13769
-18352
16649
15740
-19119
-12740
21118
9426
-22597
-5880
23520
9571
-22018
-13025
19974
16160
-17438
-18896
14473
21167
-11151
-22917
7555
24103
-3773
-24695
-102
24679
3974
-24055
-7749
22839
11333
-21061
-14638
18764
17582
-16005
-20094
12852
22110
-9382
-23582
5682
24474
-1841
-24763
-2044
24442
5880
-23520
-9571
22018
13025
-19974
-16160
17438
18896
-14473
-21167
11151
22917
-7555
-24103
3773
24695
102
-24679
-3974
24055
7749
-22839
-11333
21061
14638
-18764
-17582
16005
20094
-12852
-22110
9382
23582
-5682
-24474
1841
24763
2044
-24442
-5880
23520
9571
-22018
-13025
19974
16160
-17438
-18896
14473
21167
-11151
-22917
7555
24103
-3773
-24695
-102
24679
3974
-24055
-7749
22839
11333
-21061
-14638
18764
17582
-16005
-20094
12852
22110
-9382
-23582
5682
24474
-1841
-24763
-2044
24442
5880
-23520
-9571
22018
13025
-19974
-16160
17438
18896
-14473
-21167
11151
22917
-7555
-24103
3773
24695
102
-24679
-3974
24055
7749
-22839
-11333
21061
14638
-18764
-17582
16005
20094
-12852
-22110
9382
23582
-5682
-24474
1841
24763
2044
-24442
-5880
23520
9571
-22018
-13025
19974
16160
-17438
-18896
14473
21167
-11151
-22917
7555
24103
-3773
-24695
-102
24679
3974
-24055
-7749
22839
11333
-21061
-14638
18764
17582
-16005
-20094
12852
22110
-9382
-23582
5682
24474
-1841
-24763
-2044
24442
5880
-23520
-9571
22018
13025
-19974
-16160
17438
18896
-14473
-21167
11151
22917
-7555
-24103
3773
24695
102
-24679
-3974
24055
7749
-22839
-11333
21061
14638
-18764
-17582
16005
20094
-12852
-22110
9382
23582
-5682
-24474
1841
24763
2044
-24442
-5880
23520
9571
-22018
-13025
19974
16160
-17438
-18896
14473
21167
-11151
-22917
7555
24103
-3773
-24695
-102
24679
3974
-24055
-7749
22839
11333
-21061
-14638
18764
17582
-16005
-20094
12852
22110
-9382
-23582
5682
24474
-1841
-24763
-2044
24442
5880
-23520
-9571
22018
13025
-19974
-16160
17438
18896
-14473
-21167
11151
22917
-7555
-24103
3773
24695
102
-24679
-3974
24055
7749
-22839
-11333
21061
14638
-18764
-17582
16005
20094
-12852
-22110
9382
23582
-5682
-24474
1841
24763
2044
-24442
-5880
23520
9571
-22018
-13025
19974
16160
-17438
-18896
14473
21167
-11151
-22917
7555
24103
-3773
-24695
-102
24679
3974
-24055
-7749
22839
11333
-21061
-14638
18764
17582
-16005
-20094
12852
22110
-9382
-23582
5682
24474
-1841
-24763
-2044
24442
5880
-23520
-9571
22018
13025
-19974
-16160
17438
18896
-14473
-21167
11151
22917
-7555
-24103
3773
24695
102
-24679
-3974
24055
7749
-22839
-11333
21061
14638
-18764
-17582
16005
20094
-12852
-22110
9382
23582
-5682
-24474
1841
24763
2044
-24442
-5880
23520
9571
-22018
-13025
19974
16160
-17438
-18896
14473
21167
-11151
-22917
7555
24103
-3773
-24695
-102
24679
3974
-24055
-7749
22839
11333
-21061
-14638
18764
17582
-16005
-20094
12852
22110
-9382
-23582
5682
24474
-1841
-24763
-2044
24442
5880
-23520
-9571
22018
13025
-19974
-16160
17438
18896
-14473
-21167
11151
22917
-7555
-24103
3773
24695
102
-24679
-3974
24055
7749
-22839
-11333
21061
14638
-18764
-17582
16005
20094
-12852
-22110
9382
23582
-5682
-24474
1841
24763
2044
-24442
-5880
23520
9571
-22018
-13025
19974
16160
-17438
-18896
14473
21167
-11151
-22917
7555
24103
-3773
-24695
-102
24679
3974
-24055
-4047
23765
318
-23814
3419
23278
-7072
-22168
10550
20513
-13769
-18352
16649
15740
-19119
-12740
21118
9426
-22597
-5880
23520
2189
-23863
1555
23619
-5262
-22793
8838
21406
-12197
-19492
15256
17099
-17939
-14284
20180
11117
-21925
-7676
23129
4047
-23765
-318
23814
-3419
-23278
7072
22168
-10550
-20513
13769
18352
-16649
-15740
19119
12740
-21118
-9426
22597
5880
-23520
-9571
22018
13025
-19974
-16160
17438
18896
-14473
-21167
11151
22917
-7555
-24103
3773
24695
102
-24679
-3974
24055
4047
-23765
-318
23814
-3419
-23278
7072
22168
-10550
-20513
13769
18352
-16649
-15740
19119
12740
-21118
-9426
22597
5880
-23520
-2189
23863
-1555
-23619
5262
22793
-8838
-21406
12197
19492
-15256
-17099
17939
14284
-20180
-11117
21925
7676
-23129
-4047
23765
318
-23814
3419
23278
-7072
-22168
10550
20513
-13769
-18352
16649
15740
-19119
-12740
21118
9426
-22597
-5880
23520
9571
-22018
-13025
19974
16160
-17438
-18896
14473
21167
-11151
-22917
7555
24103
-3773
-24695
-102
24679
3974
-24055
-7749
22839
11333
-21061
-14638
18764
17582
-16005
-20094
12852
22110
-9382
-23582
5682
24474
-1841
-24763
-2044
24442
5880
-23520
-9571
22018
13025
-19974
-16160
17438
18896
-14473
-21167
11151
22917
-7555
-24103
3773
24695
102
-24679
-3974
24055
7749
-22839
-11333
21061
14638
-18764
-17582
16005
20094
-12852
-22110
9382
23582
-5682
-24474
1841
24763
2044
-24442
-5880
23520
9571
-22018
-13025
19974
16160
-17438
-18896
14473
21167
-11151
-22917
7555
24103
-3773
-24695
-102
24679
3974
-24055
-7749
22839
11333
-21061
-14638
18764
17582
-16005
-20094
12852
22110
-9382
-23582
5682
24474
-1841
-24763
-2044
24442
5880
-23520
-9571
22018
13025
-19974
-16160
17438
18896
-14473
-21167
11151
22917
-7555
-24103
3773
24695
102
-24679
-3974
24055
7749
-22839
-11333
21061
14638
-18764
-17582
16005
20094
-12852
-22110
9382
23582
-5682
-24474
1841
24763
2044
-24442
-5880
23520
2189
-23863
1555
23619
-5262
-22793
8838
21406
-12197
-19492
15256
17099
-17939
-14284
20180
11117
-21925
-7676
23129
4047
-23765
-318
23814
-3419
-23278
7072
22168
-10550
-20513
13769
18352
-16649
-15740
19119
12740
-21118
-9426
22597
5880
-23520
-2189
23863
-1555
-23619
5262
22793
-8838
-21406
12197
19492
-15256
-17099
17939
14284
-20180
-11117
21925
7676
-23129
-4047
23765
318
-23814
3419
23278
-7072
-22168
10550
20513
-13769
-18352
16649
15740
-19119
-12740
21118
9426
-22597
-5880
23520
2189
-23863
1555
23619
-5262
-22793
8838
21406
-12197
-19492
15256
17099
-17939
-14284
20180
11117
-21925
-7676
23129
4047
-23765
-318
23814
-3419
-23278
7072
22168
-10550
-20513
13769
18352
-16649
-15740
19119
12740
-21118
-9426
22597
5880
-23520
-2189
23863
-1555
-23619
5262
22793
-8838
-21406
12197
19492
-15256
-17099
17939
14284
-20180
-11117
21925
7676
-23129
-4047
23765
318
-23814
3419
23278
-7072
-22168
10550
20513
-13769
-18352
16649
15740
-19119
-12740
21118
9426
-22597
-5880
23520
2189
-23863
1555
23619
-5262
-22793
8838
21406
-12197
-19492
15256
17099
-17939
-14284
20180
11117
-21925
-7676
23129
4047
-23765
-318
23814
-3419
-23278
7072
22168
-10550
-20513
13769
18352
-16649
-15740
19119
12740
-21118
-9426
22597
5880
-23520
-2189
23863
-1555
-23619
5262
22793
-8838
-21406
12197
19492
-15256
-17099
17939
14284
-20180
-11117
21925
7676
-23129
-4047
23765
318
-23814
3419
23278
-7072
-22168
10550
20513
-13769
-18352
16649
15740
-19119
-12740
21118
9426
-22597
-5880
23520
2189
-23863
1555
23619
-5262
-22793
8838
21406
-12197
-19492
15256
17099
-17939
-14284
20180
11117
-21925
-7676
23129
4047
-23765
-318
23814
-3419
-23278
7072
22168
-10550
-20513
13769
18352
-16649
-15740
19119
12740
-21118
-9426
22597
5880
-23520
-2189
23863
-1555
-23619
5262
22793
-8838
-21406
12197
19492
-15256
-17099
17939
14284
-20180
-11117
21925
7676
-23129
-4047
23765
318
-23814
3419
23278
-7072
-22168
10550
20513
-13769
-18352
16649
15740
-19119
-12740
21118
9426
-22597
-5880
23520
9571
-22018
-13025
19974
16160
-17438
-18896
14473
21167
-11151
-22917
7555
24103
-3773
-24695
-102
24679
3974
-24055
-7749
22839
11333
-21061
-14638
18764
17582
-16005
-20094
12852
22110
-9382
-23582
5682
24474
-1841
-24763
-2044
24442
5880
-23520
-9571
22018
13025
-19974
-16160
17438
18896
-14473
-21167
11151
22917
-7555
-24103
3773
24695
102
-24679
-3974
24055
7749
-22839
-11333
21061
14638
-18764
-17582
16005
20094
-12852
-22110
9382
23582
-5682
-24474
1841
24763
2044
-24442
-5880
23520
9571
-22018
-13025
19974
16160
-17438
-18896
14473
21167
-11151
-22917
7555
24103
-3773
-24695
-102
24679
3974
-24055
-7749
22839
11333
-21061
-14638
18764
17582
-16005
-20094
12852
22110
-9382
-23582
5682
24474
-1841
-24763
-2044
24442
5880
-23520
-9571
22018
13025
-19974
-16160
17438
18896
-14473
-21167
11151
22917
-7555
-24103
3773
24695
102
-24679
-3974
24055
7749
-22839
-11333
21061
14638
-18764
-17582
16005
20094
-12852
-22110
9382
23582
-5682
-24474
1841
24763
2044
-24442
-5880
23520
9571
-22018
-13025
19974
16160
-17438
-18896
14473
21167
-11151
-22917
7555
24103
-3773
-24695
-102
24679
3974
-24055
-7749
22839
11333
-21061
-14638
18764
17582
-16005
-20094
12852
22110
-9382
-23582
5682
24474
-1841
-24763
-2044
24442
5880
-23520
-9571
22018
13025
-19974
-16160
17438
18896
-14473
-21167
11151
22917
-7555
-24103
3773
24695
102
-24679
-3974
24055
7749
-22839
-11333
21061
14638
-18764
-17582
16005
20094
-12852
-22110
9382
23582
-5682
-24474
1841
24763
2044
-24442
-5880
23520
9571
-22018
-13025
19974
16160
-17438
-18896
14473
21167
-11151
-22917
7555
24103
-3773
-24695
-102
24679
3974
-24055
-7749
22839
11333
-21061
-14638
18764
17582
-16005
-20094
12852
22110
-9382
-23582
5682
24474
-1841
-24763
-2044
24442
5880
-23520
-9571
22018
13025
-19974
-16160
17438
18896
-14473
-21167
11151
22917
-7555
-24103
3773
24695
102
-24679
-3974
24055
7749
-22839
-11333
21061
14638
-18764
-17582
16005
20094
-12852
-22110
9382
23582
-5682
-24474
1841
24763
2044
-24442
-5880
23520
9571
-22018
-13025
19974
16160
-17438
-18896
14473
21167
-11151
-22917
7555
24103
-3773
-24695
-102
24679
3974
-24055
-7749
22839
11333
-21061
-14638
18764
17582
-16005
-20094
12852
22110
-9382
-23582
5682
24474
-1841
-24763
-2044
24442
5880
-23520
-9571
22018
13025
-19974
-16160
17438
18896
-14473
-21167
11151
22917
-7555
-24103
3773
24695
102
-24679
-3974
24055
7749
-22839
-11333
21061
14638
-18764
-17582
16005
20094
-12852
-22110
9382
23582
-5682
-24474
1841
24763
2044
-24442
-5880
23520
9571
-22018
-13025
19974
16160
-17438
-18896
14473
21167
-11151
-22917
7555
24103
-3773
-24695
-102
24679
3974
-24055
-7749
22839
11333
-21061
-14638
18764
17582
-16005
-20094
12852
22110
-9382
-23582
5682
24474
-1841
-24763
-2044
24442
5880
-23520
-9571
22018
13025
-19974
-16160
17438
18896
-14473
-21167
11151
22917
-7555
-24103
3773
24695
102
-24679
-3974
24055
7749
-22839
-11333
21061
14638
-18764
-17582
16005
20094
-12852
-22110
9382
23582
-5682
-24474
1841
24763
2044
-24442
-5880
23520
9571
-22018
-13025
19974
16160
-17438
-18896
14473
21167
-11151
-22917
7555
24103
-3773
-24695
-102
24679
3974
-24055
-7749
22839
11333
-21061
-14638
18764
17582
-16005
-20094
12852
22110
-9382
-23582
5682
24474
-1841
-24763
-2044
24442
5880
-23520
-9571
22018
13025
-19974
-16160
17438
18896
-14473
-21167
11151
22917
-7555
-24103
3773
24695
102
-24679
-3974
24055
7749
-22839
-11333
21061
14638
-18764
-17582
16005
20094
-12852
-22110
9382
23582
-5682
-24474
1841
24763
2044
-24442
-5880
23520
9571
-22018
-13025
19974
16160
-17438
-18896
14473
21167
-11151
-22917
7555
24103
-3773
-24695
-102
24679
3974
-24055
-7749
22839
11333
-21061
-14638
18764
17582
-16005
-20094
12852
22110
-9382
-23582
5682
24474
-1841
-24763
-2044
24442
5880
-23520
-9571
22018
13025
-19974
-16160
17438
18896
-14473
-21167
11151
22917
-7555
-24103
3773
24695
102
-24679
-3974
24055
4047
-23765
-318
23814
-3419
-23278
7072
22168
-10550
-20513
13769
18352
-16649
-15740
19119
12740
-21118
-9426
22597
5880
-23520
-9571
22018
13025
-19974
-16160
17438
18896
-14473
-21167
11151
22917
-7555
-24103
3773
24695
102
-24679
-3974
24055
7749
-22839
-11333
21061
14638
-18764
-17582
16005
20094
-12852
-22110
9382
23582
-5682
-24474
1841
24763
2044
-24442
-5880
23520
9571
-22018
-13025
19974
16160
-17438
-18896
14473
21167
-11151
-22917
7555
24103
-3773
-24695
-102
24679
3974
-24055
-7749
22839
11333
-21061
-14638
18764
17582
-16005
-20094
12852
22110
-9382
-23582
5682
24474
-1841
-24763
-2044
24442
5880
-23520
-9571
22018
13025
-19974
-16160
17438
18896
-14473
-21167
11151
22917
-7555
-24103
3773
24695
102
-24679
-3974
24055
7749
-22839
-11333
21061
14638
-18764
-17582
16005
20094
-12852
-22110
9382
23582
-5682
-24474
1841
24763
2044
-24442
-5880
23520
9571
-22018
-13025
19974
16160
-17438
-18896
14473
21167
-11151
-22917
7555
24103
-3773
-24695
-102
24679
3974
-24055
-4047
23765
318
-23814
3419
23278
-7072
-22168
10550
20513
-13769
-18352
16649
15740
-19119
-12740
21118
9426
-22597
-5880
23520
9571
-22018
-13025
19974
16160
-17438
-18896
14473
21167
-11151
-22917
7555
24103
-3773
-24695
-102
24679
3974
-24055
-7749
22839
11333
-21061
-14638
18764
17582
-16005
-20094
12852
22110
-9382
-23582
5682
24474
-1841
-24763
-2044
24442
5880
-23520
-9571
22018
13025
-19974
-16160
17438
18896
-14473
-21167
11151
22917
-7555
-24103
3773
24695
102
-24679
-3974
24055
7749
-22839
-11333
21061
14638
-18764
-17582
16005
20094
-12852
-22110
9382
23582
-5682
-24474
1841
24763
2044
-24442
-5880
23520
9571
-22018
-13025
19974
16160
-17438
-18896
14473
21167
-11151
-22917
7555
24103
-3773
-24695
-102
24679
3974
-24055
-7749
22839
11333
-21061
-14638
18764
17582
-16005
-20094
12852
22110
-9382
-23582
5682
24474
-1841
-24763
-2044
24442
5880
-23520
-9571
22018
13025
-19974
-16160
17438
18896
-14473
-21167
11151
22917
-7555
-24103
3773
24695
102
-24679
-3974
24055
7749
-22839
-11333
21061
14638
-18764
-17582
16005
20094
-12852
-22110
9382
23582
-5682
-24474
1841
24763
2044
-24442
-5880
23520
9571
-22018
-13025
19974
16160
-17438
-18896
14473
21167
-11151
-22917
7555
24103
-3773
-24695
-102
24679
3974
-24055
-7749
22839
11333
-21061
-14638
18764
17582
-16005
-20094
12852
22110
-9382
-23582
5682
24474
-1841
-24763
-2044
24442
5880
-23520
-9571
22018
13025
-19974
-16160
17438
18896
-14473
-21167
11151
22917
-7555
-24103
3773
24695
102
-24679
-3974
24055
7749
-22839
-11333
21061
14638
-18764
-17582
16005
20094
-12852
-22110
9382
23582
-5682
-24474
1841
24763
2044
-24442
-5880
23520
9571
-22018
-13025
19974
16160
-17438
-18896
14473
21167
-11151
-22917
7555
24103
-3773
-24695
-102
24679
3974
-24055
-7749
22839
11333
-21061
-14638
18764
17582
-16005
-20094
12852
22110
-9382
-23582
5682
24474
-1841
-24763
-2044
24442
5880
-23520
-9571
22018
13025
-19974
-16160
17438
18896
-14473
-21167
11151
22917
-7555
-24103
3773
24695
102
-24679
-3974
24055
7749
-22839
-11333
21061
14638
-18764
-17582
16005
20094
-12852
-22110
9382
23582
-5682
-24474
1841
24763
2044
-24442
-5880
23520
2189
-23863
1555
23619
-5262
-22793
8838
21406
-12197
-19492
15256
17099
-17939
-14284
20180
11117
-21925
-7676
23129
4047
-23765
-318
23814
-3419
-23278
7072
22168
-10550
-20513
13769
18352
-16649
-15740
19119
12740
-21118
-9426
22597
5880
-23520
-2189
23863
-1555
-23619
5262
22793
-8838
-21406
12197
19492
-15256
-17099
17939
14284
-20180
-11117
21925
7676
-23129
-4047
23765
318
-23814
3419
23278
-7072
-22168
10550
20513
-13769
-18352
16649
15740
-19119
-12740
21118
9426
-22597
-5880
23520
2189
-23863
1555
23619
-5262
-22793
8838
21406
-12197
-19492
15256
17099
-17939
-14284
20180
11117
-21925
-7676
23129
4047
-23765
-318
23814
-3419
-23278
7072
22168
-10550
-20513
13769
18352
-16649
-15740
19119
12740
-21118
-9426
22597
5880
-23520
-2189
23863
-1555
-23619
5262
22793
-8838
-21406
12197
19492
-15256
-17099
17939
14284
-20180
-11117
21925
7676
-23129
-4047
23765
318
-23814
3419
23278
-7072
-22168
10550
20513
-13769
-18352
16649
15740
-19119
-12740
21118
9426
-22597
-5880
23520
2189
-23863
1555
23619
-5262
-22793
8838
21406
-12197
-19492
15256
17099
-17939
-14284
20180
11117
-21925
-7676
23129
7749
-22839
-11333
21061
14638
-18764
-17582
16005
20094
-12852
-22110
9382
23582
-5682
-24474
1841
24763
2044
-24442
-5880
23520
2189
-23863
1555
23619
-5262
-22793
8838
21406
-12197
-19492
15256
17099
-17939
-14284
20180
11117
-21925
-7676
23129
7749
-22839
-11333
21061
14638
-18764
-17582
16005
20094
-12852
-22110
9382
23582
-5682
-24474
1841
24763
2044
-24442
-5880
23520
9571
-22018
-13025
19974
16160
-17438
-18896
14473
21167
-11151
-22917
7555
24103
-3773
-24695
-102
24679
3974
-24055
-4047
23765
318
-23814
3419
23278
-7072
-22168
10550
20513
-13769
-18352
16649
15740
-19119
-12740
21118
9426
-22597
-5880
23520
9571
-22018
-13025
19974
16160
-17438
-18896
14473
21167
-11151
-22917
7555
24103
-3773
-24695
-102
24679
3974
-24055
-4047
23765
318
-23814
3419
23278
-7072
-22168
10550
20513
-13769
-18352
16649
15740
-19119
-12740
21118
9426
-22597
-5880
23520
9571
-22018
-13025
19974
16160
-17438
-18896
14473
21167
-11151
-22917
7555
24103
-3773
-24695
-102
24679
3974
-24055
-7749
22839
11333
-21061
-14638
18764
17582
-16005
-20094
12852
22110
-9382
-23582
5682
24474
-1841
-24763
-2044
24442
5880
-23520
-9571
22018
13025
-19974
-16160
17438
18896
-14473
-21167
11151
22917
-7555
-24103
3773
24695
102
-24679
-3974
24055
7749
-22839
-11333
21061
14638
-18764
-17582
16005
20094
-12852
-22110
9382
23582
-5682
-24474
1841
24763
2044
-24442
-5880
23520
2189
-23863
1555
23619
-5262
-22793
8838
21406
-12197
-19492
15256
17099
-17939
-14284
20180
11117
-21925
-7676
23129
4047
-23765
-318
23814
-3419
-23278
7072
22168
-10550
-20513
13769
18352
-16649
-15740
19119
12740
-21118
-9426
22597
5880
-23520
-2189
23863
-1555
-23619
5262
22793
-8838
-21406
12197
19492
-15256
-17099
17939
14284
-20180
-11117
21925
7676
-23129
-4047
23765
318
-23814
3419
23278
-7072
-22168
10550
20513
-13769
-18352
16649
15740
-19119
-12740
21118
9426
-22597
-5880
23520
2189
-23863
1555
23619
-5262
-22793
8838
21406
-12197
-19492
15256
17099
-17939
-14284
20180
11117
-21925
-7676
23129
4047
-23765
-318
23814
-3419
-23278
7072
22168
-10550
-20513
13769
18352
-16649
-15740
19119
12740
-21118
-9426
22597
5880
-23520
-2189
23863
-1555
-23619
5262
22793
-8838
-21406
12197
19492
-15256
-17099
17939
14284
-20180
-11117
21925
7676
-23129
-4047
23765
318
-23814
3419
23278
-7072
-22168
10550
20513
-13769
-18352
16649
15740
-19119
-12740
21118
9426
-22597
-5880
23520
2189
-23863
1555
23619
-5262
-22793
8838
21406
-12197
-19492
15256
17099
-17939
-14284
20180
11117
-21925
-7676
23129
4047
-23765
-318
23814
-3419
-23278
7072
22168
-10550
-20513
13769
18352
-16649
-15740
19119
12740
-21118
-9426
22597
5880
-23520
-2189
23863
-1555
-23619
5262
22793
-8838
-21406
12197
19492
-15256
-17099
17939
14284
-20180
-11117
21925
7676
-23129
-7749
22839
11333
-21061
-14638
18764
17582
-16005
-20094
12852
22110
-9382
-23582
5682
24474
-1841
-24763
-2044
24442
5880
0
0
0
0
0
0
0
0
0
0
