#bits=1001000000010000000000000000000000000000001100110000000000000000000000001111111111111111111111111111111100000001000000000000000000000000011101110000000011111111111111110000000000000000000000000000000100000001000000000000000011111111101001010000111111111110, len=256
-25132
17245
21293
-20167
-19109
23768
15447
-26246
-10344
27174
6918
-28583
-2158
29409
2400
-29120
-7086
28001
11221
-26148
-15621
23820
19190
-20869
-22417
17440
24737
-13432
-26843
8994
28460
-4090
-29120
344
29375
4392
-28440
-9117
26997
13473
-24741
-17407
22129
20865
-18557
-23235
15103
26226
-10686
-26975
6596
29089
-2514
-29437
2029
29026
-6829
-27926
10898
26247
-15419
-23850
19037
20845
-22393
-17371
25085
13472
-27151
-9287
28612
4692
-29189
309
29222
4352
-28267
-9421
27179
13400
-25062
-17073
22060
20853
-19183
-23447
15460
25744
-10779
-27584
7074
28997
-2060
-29479
-2014
28806
6945
-27791
-10860
26271
14557
-23819
-19174
20877
22420
-17370
-24205
13482
27039
-9038
-28644
4488
29275
-176
-29125
-4785
28430
8398
-27212
-13273
25029
17403
-22411
-20860
19173
23851
-15108
-26177
11488
27757
-7120
-28919
2615
28905
2049
-29029
-6877
27721
11329
-26260
-15577
23799
19203
-20872
-22423
17393
25097
-13479
-27062
9006
28075
-4732
-28722
305
29199
4401
-28514
-8471
27090
13483
-25110
-16583
22409
20722
-19171
-23788
15285
25801
-11658
-27833
6703
28863
-2920
-29315
-2058
28971
6242
-27856
-10762
25960
14974
-23772
-18779
20602
21975
-17081
-25107
13490
27067
-9266
-28601
4583
28970
193
-29258
-3982
28347
8951
-27153
-13062
25039
17101
-22405
-20745
19229
23856
-15504
-26266
11395
27383
-7262
-29062
2671
29246
-2034
-28240
6996
27514
-11773
-26242
15434
23858
-18916
-20450
22403
16746
-24926
-12867
27150
8988
-28597
-4070
29213
-326
-28788
-3535
28525
8947
-27219
-12755
25092
17344
-22405
-20161
19228
23822
-15411
-25849
11602
27886
-7222
-28525
2640
29362
1313
-28489
-6541
27660
10660
-26137
-14392
23691
18382
-20860
-21658
16992
24953
-13748
-26920
9409
28065
-5157
-28876
660
28918
3762
-28609
-8846
27006
13432
-25099
-16781
22392
20560
-19156
-22940
15587
26047
-11181
-27432
7199
28475
-2792
-29123
-1411
28827
6114
-27807
-10952
26159
15126
-23793
-19169
20868
21809
-17260
-24416
13641
26573
-9297
-28279
5351
29372
-815
-29024
-4110
28424
8873
-27139
-13036
24994
17338
-22403
-20211
19297
22789
-15575
-25985
11633
27770
-6993
-28407
2576
28979
2016
-29058
-6237
28018
10352
-26121
-15084
23833
18953
-20877
-21385
17433
25085
-13211
-26963
9241
27791
-4904
-28369
715
29194
4312
-28271
-7915
27183
13088
-24859
-16799
22409
19869
-19240
-23623
15640
25901
-11793
-28039
7419
28913
-2947
-29306
-1722
29107
6827
-27700
-10275
25888
14803
-23762
-18251
20862
22176
-17495
-23941
13680
26542
-9316
-27622
5246
28837
-204
-28988
-4347
28166
8547
-26992
-12846
25076
16641
-22407
-20153
19200
23419
-15562
-25441
11825
27858
-7302
-28404
2453
29025
1690
-28681
-6724
27683
10404
-25941
-14641
23790
18024
-20878
-21469
17368
24239
-13515
-26495
9469
27631
-4498
-29023
873
29012
4282
-28575
-8245
27222
13116
-24963
-17304
22418
19935
-19323
-22802
15723
25694
-11508
-27505
7420
28938
-2181
-29082
-1683
28526
6646
-27794
-10803
26160
14603
-23730
-17697
20882
22148
-17531
-24251
13504
26888
-9348
-27817
4952
28536
-812
-28944
-3967
28019
8436
-27040
-12632
25003
16665
-22419
-20605
19140
23645
-15630
-25542
11760
28041
-7371
-28353
2868
29125
1421
-28358
-6871
27971
10385
-26153
-13820
23718
18788
-20898
-21594
17480
24705
-13609
-26035
9580
28167
-4848
-28904
919
29062
4124
-28371
-8807
27101
12907
-25050
-16826
22413
20277
-19278
-22476
15563
25708
-11240
-26949
7319
28593
-2802
-29329
-1595
28873
6261
-27360
-10516
26252
14307
-23761
-18323
20906
21667
-17555
-23867
13508
27044
-9444
-28220
4470
28661
-465
-28941
-3751
28004
8524
-26897
-12092
25067
16733
-22379
-20020
19317
23076
-15755
-25915
11731
27140
-7127
-28404
3358
28930
1600
-28739
-6211
27585
9912
-25787
-14889
23723
17594
-20897
-21864
17530
24119
-13890
-26838
9356
27608
-4857
-28863
1096
29012
4129
-28163
-7860
27000
12175
-24903
-16212
22387
20302
-19247
-22832
15739
25226
-11986
-26838
7147
28163
-3134
-28836
-1217
28324
5648
-27433
-10735
26182
13958
-23726
-18524
20903
21916
-17464
-24225
13912
26059
-9526
-27748
4690
29072
-645
-28355
-3853
28424
7183
-27060
-13005
24886
16599
-22407
-19837
19291
23199
-15786
-25407
11745
27197
-7592
-28439
3006
28583
1558
-28430
-5807
27356
10483
-26099
-14279
23684
17964
-20874
-21417
17580
24393
-13601
-26344
9673
27532
-5267
-28528
509
28274
3553
-28254
-8479
26818
12055
-25021
-16328
22374
19643
-19342
-22991
15666
24658
-11734
-26583
7737
28122
-2940
-28908
-1458
28331
6880
-27479
-9890
26082
13664
-23731
-18553
20892
21405
-17675
-24471
13769
26526
-9325
-27789
5100
28365
-1028
-29281
-4084
28261
7854
-26717
-11687
25080
15965
-22367
-20001
19303
22465
-15857
-24840
11753
27261
-7373
-27738
2725
28490
1225
-28113
-6123
27398
10065
-25956
-14521
23788
18085
-20882
-20889
17481
24230
-13786
-25831
9431
27460
-5349
-28693
801
28605
3203
-28092
-8485
26569
12193
-24861
-15998
22389
19929
-19267
-22826
15848
25584
-11586
-26862
7480
28284
-3021
-28559
-1587
28249
6546
-27173
-10593
25767
14823
-23728
-17398
20890
21062
-17586
-23484
13959
26009
-10227
-27828
5683
28772
-990
-28396
-3734
27906
7667
-26628
-12433
24826
15425
-22356
-18760
19316
22378
-15727
-24695
11963
26927
-7747
-28070
3157
28825
990
-28153
-5729
27615
9967
-25910
-14281
23664
16640
-20918
-20791
17513
24689
-13924
-26148
10038
27258
-5199
-28468
472
28960
-5491
-26928
9899
26293
-13812
-23201
17483
20882
-20804
-17251
23624
14195
-25717
-9941
27237
4914
-27979
-1719
28424
-2629
-28098
7811
26721
-12036
-24547
15713
22549
-19216
-19538
22209
15883
-24581
-12026
26777
7160
-27724
-3300
27991
-870
-28627
-3672
28358
7937
-26690
-12845
24952
16372
-22405
-19298
19334
23005
-15805
-25278
11891
26128
-7604
-27942
3551
28648
1255
-28352
-5658
27526
9833
-25819
-13835
23688
17701
-20931
-20590
17571
23627
-13958
-26155
9711
27361
-5436
-28474
1201
28452
-5557
-27179
10016
25438
-13843
-24075
17507
20770
-20769
-17458
23562
14579
-25507
-9369
27431
5349
-28541
-1629
28924
-3646
-28154
7520
26997
-11866
-24527
15747
22458
-19218
-19513
22288
15378
-24669
-12470
26097
7650
-27603
-3845
28410
-1417
-28296
-2921
27780
7839
-26747
-11782
24891
15557
-22328
-19125
19382
21805
-15806
-25157
12285
26738
-8009
-27764
3033
28575
718
-28281
-5578
27416
9442
-25991
-13841
23653
17818
-20924
-20683
17648
24095
-14015
-25820
9873
27909
-5807
-28479
1027
28254
3490
-28259
-8075
26567
12344
-24851
-15458
22378
18869
-19338
-22090
15807
25629
-12098
-26722
7445
28607
-3508
-27948
-689
28079
5177
-27257
-9824
25919
13618
-23663
-17355
20931
20537
-17612
-23492
14037
26434
-9583
-27708
5822
28163
-788
-28562
-3312
27815
6918
-26676
-11567
24828
15904
-22354
-18741
19393
22535
-15796
-24760
11918
26633
-8017
-27739
3452
28238
1389
-28423
-6251
27146
9996
-25845
-13991
23697
17406
-20940
-20767
17603
23091
-13741
-25696
9713
27309
-5999
-27969
1529
28191
3182
-27899
-7920
26498
12332
-24643
-15462
22360
19505
-19357
-22444
15786
24831
-11713
-26081
8085
27889
-3853
-28450
-1128
27627
4648
-27331
-9809
25759
14013
-23646
-17596
20904
20865
-17627
-23926
13973
25563
-10007
-27153
5116
28583
-1292
-27923
-3067
27690
7628
-26575
-11467
24814
15445
-22343
-18042
19361
21289
-16072
-24839
11911
25909
-7854
-27488
3516
28180
802
-27839
-5005
27447
9130
-25865
-13270
23634
16799
-20942
-20220
17662
23150
-14066
-26167
9587
27491
-5751
-28081
975
28639
3322
-27591
-7145
26646
11491
-24923
-15618
22335
19186
-19370
-21962
15891
24132
-12157
-27299
7878
27716
-3424
-28084
-692
27835
5131
-27127
-9839
25718
13536
-23568
-17154
20936
20919
-17619
-22958
14096
26149
-10034
-26551
5828
28170
-1382
-28648
-2586
27596
7429
-26834
-10951
24724
15618
-22362
-18800
19418
22332
-15935
-24832
11889
26411
-8285
-27894
3349
28644
628
-27928
-5512
27055
9962
-25801
-13763
23645
16964
-20912
-20943
17696
23316
-14020
-25124
10067
27266
-5844
-28309
1096
28389
2454
-27858
-7228
26900
11238
-24844
-15252
22364
19612
-19350
-21701
15863
24370
-12013
-26683
8139
27352
-3590
-27969
-545
28022
5259
-26842
-9750
25748
13035
-23665
-17438
20930
19648
-17720
-23414
14373
25960
-9769
-27389
6423
27739
-1610
-27765
-2823
27905
7309
-26641
-12180
24786
14618
-22350
-19760
19357
22380
-16054
-24261
11883
26084
-7534
-28176
3519
28084
926
-28026
-4635
27050
9497
-25839
-12928
23672
17102
-20937
-20316
17632
23428
-14035
-25119
10112
26912
-5679
-27901
648
28231
3154
-27763
-7055
26303
10932
-24826
-15297
22322
18595
-19365
-22016
16079
24158
-12112
-25998
8383
27603
-3572
-28057
-393
27841
4503
-26897
-8614
25676
13368
-23736
-16821
20927
20596
-17920
-23111
14336
25309
-10082
-26941
5946
27809
-1526
-27819
-2499
27671
7298
-26607
-11249
24698
14785
-22307
-18610
19335
21273
-15830
-23889
11969
26111
-8205
-27145
3517
27750
301
-27553
-4548
26912
9134
-25648
-13321
23609
16939
-20923
-20268
17697
22478
-14323
-24708
10153
27550
-6175
-27438
1542
28240
2746
-27462
-7203
26479
10870
-24617
-14752
22312
18723
-19508
-22293
16117
23932
-12452
-26072
8062
27109
-3913
-27889
-1349
28227
4454
-26885
-9931
25717
12796
-23539
-17189
20936
20603
-17848
-23469
14039
25594
-10131
-27096
5987
27808
-1582
-27241
5939
27055
-9955
-24636
14108
22910
-17542
-19885
20757
16516
-23401
-12473
25583
9556
-26949
-4739
27367
259
-27795
3755
27186
-7827
-25544
12102
24207
-15740
-21524
19251
18865
-22111
-14790
24410
11168
-25998
-7690
27470
2623
-27588
1921
27711
-5953
-26326
10048
24967
-13972
-22718
17684
19936
-20757
-15974
23220
13281
-25289
-8423
27061
4852
-27212
-187
27277
-4396
-27049
8014
25134
-12427
-23951
15838
20746
-19268
-18305
22108
15166
-24248
-11179
26161
6979
-27336
-1727
27793
-1993
-27903
5970
26151
-10251
-25107
14474
22697
-17680
-20105
20758
16870
-23419
-13511
25400
9570
-26829
-4733
27846
53
-27347
4185
26457
-8531
-26728
12282
24007
-15813
-20843
19252
18105
-22088
-14500
24427
10681
-26059
-6403
27354
2334
-27631
2549
27473
-6008
-25934
10071
25163
-13849
-22684
17625
19320
-20730
-16663
23322
13146
-25107
-9355
27064
4394
-27361
-394
27119
-3995
-26969
8336
25109
-12305
-24094
16047
21447
-19251
-17419
22107
14522
-24365
-10628
26039
6770
-26917
-2496
27050
-2177
-27853
6310
25734
-10203
-24180
14287
23516
-17629
-19763
20723
16332
-23323
-12718
25217
8955
-26706
-4833
27343
654
-27932
3813
26799
-8196
-25578
12393
23965
-16026
-20834
19253
18427
-22097
-14525
24384
10418
-26105
-7010
27370
1963
-27969
1583
27450
-6432
-26165
10273
24376
-13918
-22559
17607
19137
-20763
-15539
23187
13223
-25140
-9093
26791
4148
-27555
-656
27439
-3972
-27047
8070
25461
-12218
-22601
15885
20994
-19243
-18049
22006
15427
-24452
-10557
25920
6743
-26914
-2390
27681
-1996
-26622
6305
26621
-10438
-24028
14136
22410
-17711
-18718
20721
16473
-23367
-12729
25126
7854
-26578
-4688
27711
332
-27008
4377
26866
-8256
-25517
12260
23917
-15997
-21356
19266
17421
-22109
-14231
24143
10401
-26140
-6605
27052
2343
-27323
2322
27344
-5889
-25853
10237
23715
-14161
-22504
17652
19546
-20733
-16285
23292
13008
-25370
-8408
26600
4432
-26704
-186
26868
-4246
-26263
8248
25686
-12123
-23331
16041
21360
-19261
-17170
22099
14877
-24268
-10297
26153
6025
-26696
-1838
27178
-2043
-26992
5806
26341
-10252
-24505
14120
21970
-17645
-19730
20705
16124
-23385
-11672
25443
8434
-26599
-4186
27336
-214
-27493
4419
26360
-8357
-25478
12519
22240
-16015
-21277
19264
18142
-22053
-13744
24161
10206
-26313
-6650
26685
1872
-27182
1690
27270
-6424
-25876
10303
23942
-14161
-22560
17683
19300
-20738
-15927
23291
12237
-25450
-8187
26405
4232
-27600
-76
27328
-3831
-26067
7901
24691
-12458
-22643
15946
20460
-19280
-17150
22044
14416
-24316
-10921
26252
6390
-26510
-2231
26921
-2032
-27040
6262
25736
-10236
-24440
14460
20828
-17879
-19720
20702
15199
-23167
-13161
25188
8315
-26059
-4558
26857
511
-27170
4285
26701
-8566
-25696
12229
22778
-16022
-20826
19255
16992
-22110
-14270
24282
10538
-25885
-6316
26983
1863
-26773
2418
26688
-6755
-25840
10471
24336
-14271
-22429
17721
19822
-20710
-16421
23306
12624
-25112
-7681
26646
3655
-27321
-33
27065
-5062
-26632
8166
24351
-12374
-22701
16189
20982
-19282
-17782
22005
14437
-24409
-10514
26112
6363
-26882
-2133
27111
-2404
-26834
6592
24782
-10352
-24130
14232
21889
-17678
-18583
20731
15390
-23071
-11711
24996
7909
-26537
-4140
27178
323
-27526
4707
26038
-8679
-24532
12467
22786
-16031
-20610
19271
17235
-22068
-13980
24163
9972
-25746
-5755
27020
1784
-27438
2331
27228
-6623
-25795
10699
24127
-14208
-22031
17732
19490
-20700
-15929
23086
11874
-25298
-8155
26070
4193
-27264
417
27313
-4235
-26861
8551
25276
-12283
-22567
16029
20984
-19296
-17254
22024
13455
-24445
-9740
25997
5839
-26662
-1648
27064
-2494
-27109
6856
25693
-10317
-23643
14340
21573
-17805
-18670
20710
15759
-23029
-12201
25148
7732
-26407
-4198
26528
382
-26933
4719
26360
-8450
-24769
12500
22868
-16140
-20425
19304
17061
-22024
-14611
24120
10371
-25752
-6293
26578
1601
-27260
2350
27411
-6739
-25626
10573
23998
-14217
-21866
17795
19012
-20712
-15458
23198
12770
-25156
-7520
26432
2829
-27599
34
26751
-3902
-26539
8472
24912
-12582
-22459
16021
20111
-19272
-17638
22107
13570
-24003
-10307
26030
5597
-26840
-1450
27354
-2256
-27566
-1701
27173
5896
-26082
-9846
24545
14505
-22263
-17594
19523
20472
-16326
-23608
12694
25310
-9152
-26329
4325
27564
-1106
-27244
-4015
26942
8407
-25364
-11988
23475
15640
-20983
-19137
17976
21749
-14554
-23767
11089
25558
-6567
-27741
2554
27502
2513
-27205
-5654
26052
9635
-24513
-14399
22301
17890
-19546
-20896
16138
23326
-13070
-24709
8589
26590
-4646
-27081
381
27367
4018
-26487
-8040
25445
11796
-23535
-16214
21006
18887
-18074
-21783
14416
23917
-10472
-25212
6549
27090
-2879
-26883
-1759
26807
5913
-26148
-9691
24591
13667
-22269
-17014
19564
20056
-16163
-23006
12668
24611
-8541
-26621
4283
27215
-478
-27501
-4345
26604
8332
-25437
-12446
23514
15878
-20986
-18600
17999
21664
-14456
-24312
10831
25914
-6651
-26799
2300
27590
1990
-26741
-6148
26069
10421
-24422
-14078
22259
17572
-19485
-20828
16511
22383
-12780
-25664
8725
26271
-4766
-27249
4188
26356
-8918
-25391
12412
22628
-16181
-19864
19310
16968
-21959
-13620
24208
8907
-25530
-6078
26412
1685
-27160
3012
27495
1300
-26325
-6459
25851
9752
-24510
-13781
22263
17173
-19469
-20333
16374
22781
-12685
-24688
9008
26300
-4988
-26814
1075
27707
3098
-26350
-8309
25179
12306
-23436
-16246
21025
18412
-17986
-21446
14747
23818
-10925
-25680
6719
26507
-2971
-27061
-1516
26911
5843
-26219
-9759
24374
14337
-22287
-16973
19585
20426
-16449
-22606
12596
24681
-8879
-26169
4972
27122
-493
-27120
-3665
26329
7898
-25348
-11713
23484
15541
-20972
-19684
18158
22255
-14898
-24214
10854
24565
-6716
-26146
2619
26912
1585
-26514
-5356
26056
9862
-24308
-13434
22267
16953
-19591
-20635
16434
23643
-13118
-25005
9505
25657
-4667
-27137
552
26880
3676
-26560
-8023
25340
11286
-23471
-15418
21011
18589
-18077
-21362
14694
24100
-10547
-25503
7222
26279
-2496
-27565
-1511
26694
5262
-26035
-9828
24356
13116
-22263
-17889
19570
20294
-16534
-22975
13042
24418
-8972
-26607
4605
26760
-249
-27214
-2859
26469
7464
-25153
-12530
23442
15653
-20985
-18575
17966
21393
-14644
-23937
11052
25778
-7215
-26347
2844
26783
1481
-26730
-6257
25936
9681
-24354
-13339
22286
17170
-19594
-20885
16314
23196
-13110
-25097
8912
26719
-4649
-26586
636
26645
3606
-26349
-7889
25120
11861
-23415
-15449
20988
18426
-18128
-21357
14747
24275
-10869
-25581
6929
26717
-2676
-27358
-949
26857
5817
-25842
-10539
24436
13341
-22287
-17375
19666
19562
-16462
-22725
13138
24251
-8579
-25895
5552
26843
-898
-27002
-3845
26491
7391
-25102
-11514
23424
15698
-21006
-18350
17982
21144
-14649
-23390
11133
25274
-7014
-26278
2707
26885
1230
-26980
-5867
25896
8943
-24416
-13277
22275
16705
-19621
-19667
16463
22708
-12800
-24669
9197
26687
-4836
-26704
590
26716
3855
-26153
-7650
25120
11665
-23364
-15107
21035
18500
-18045
-21040
15018
24051
-11157
-25733
7115
26624
-2856
-26634
-1081
26769
4837
-26070
-9262
24201
13235
-22260
-16182
19691
20487
-16484
-22271
13033
24193
-9223
-26192
4855
26678
-234
-26499
-2938
26201
6925
-25119
-11799
23359
14932
-21034
-18195
18194
21267
-14706
-23201
11486
25322
-7137
-25701
2824
26451
376
-26511
-5503
25868
9067
-24498
-12600
22253
16575
-19683
-19612
16664
22647
-12940
-24246
9270
26185
-5423
-26023
580
26865
3424
-26344
-7726
25230
11166
-23401
-14878
21015
18190
-18146
-21250
14992
23552
-11166
-25007
6987
26196
-2932
-26717
-1196
26809
5577
-25751
-9625
24362
13118
-22266
-16755
19649
20445
-16623
-21801
13325
24456
-9062
-25892
5082
27234
-902
-27232
-3658
25985
7070
-25042
-11200
23434
15116
-21032
-17571
18210
20483
-14810
-23333
11146
24899
-7162
-26238
2978
27117
732
-26526
-5170
25994
9004
-24289
-13333
22268
16648
-19618
-19799
16789
22706
-13226
-24741
8789
25771
-5173
-27156
1022
26472
3096
-26057
-8023
25314
11481
-23343
-15680
21031
18839
-18141
-20919
15068
23045
-10928
-25416
7058
26057
-3224
-26797
-1061
26414
5279
-25709
-8848
24308
12499
-22267
-17021
19617
19022
-16491
-22714
13243
24224
-9009
-26168
5046
27003
-1349
-26386
-2948
26193
7270
-25098
-11454
23373
14778
-21032
-17789
18120
21242
-14914
-22951
11190
24885
-6611
-26652
2876
26741
1198
-26808
-5464
25709
9007
-24439
-13148
22248
16527
-19733
-19248
16667
22313
-13134
-24679
8878
25741
-5023
-25995
5235
24922
-9236
-23603
12398
21012
-16398
-19335
19340
16289
-21785
-13215
23667
9543
-25267
-4716
25924
253
-25838
3102
25612
-7441
-24646
10994
22549
-14755
-20490
17865
17632
-20637
-14585
22835
10617
-24651
-6475
25590
2633
-26219
1313
25768
-5329
-25582
9241
23615
-13105
-21070
16422
19721
-19352
-16677
21873
13393
-23737
-9114
25369
4852
-25801
-822
26255
-3289
-26869
-447
26314
5351
-25590
-9264
24238
12257
-22270
-16423
19600
20329
-16853
-22298
13075
24439
-9272
-25641
4949
25934
-5042
-24935
8848
23515
-13108
-20940
16434
18900
-19344
-16655
21831
12429
-23801
-8454
25382
4948
-25852
-726
26063
-3226
-25010
6902
24386
-11559
-22864
14869
20266
-17941
-17888
20669
14127
-23003
-10289
24843
7140
-25813
-2558
26135
-1899
-26176
5256
25347
-9430
-23369
13107
21640
-16272
-18425
19361
16044
-21790
-12377
23792
8777
-25208
-4976
25584
594
-25776
3065
26412
837
-26692
-4332
25841
9077
-24291
-13519
22245
15998
-19705
-20301
16815
21693
-13043
-24215
9546
25534
-5442
-26554
819
26457
2693
-25900
-7248
25073
10984
-23299
-14485
21045
17956
-18173
-20949
14885
23419
-11488
-24804
7495
26156
-3891
-26698
-973
26600
4689
-25548
-9184
24214
12513
-22237
-15948
19620
19935
-16756
-22102
13202
23808
-9105
-25283
5416
26355
-1411
-26599
-3364
26208
7260
-24953
-10781
23340
14342
-21024
-17855
18344
20500
-14730
-23555
11407
24984
-7099
-26342
3668
26668
597
-26282
-5019
25508
8983
-24141
-12533
22232
15526
-19649
-19674
16575
21247
-13382
-22925
10009
25522
-5912
-26536
1776
26382
2961
-26011
-6706
25114
10244
-23293
-14434
21022
17613
-18259
-20854
15043
22924
-11582
-24420
7839
25660
-3370
-26544
-984
26143
4617
-25535
-8856
24210
13056
-22241
-15847
19788
19515
-16669
-21148
13368
23304
-9535
-25311
5477
26479
-1473
-26808
-2212
25864
6395
-24852
-11190
23311
14113
-21038
-18036
18409
20243
-14988
-22683
11094
24466
-8245
-25434
3325
24628
-7869
-24551
11451
22336
-15051
-19321
17945
17555
-20668
-14048
22900
10816
-24358
-6290
25487
2864
-25898
1423
25112
-5741
-24625
9202
23586
-13260
-21015
16365
19022
-19357
-14747
21752
12685
-23667
-8431
25368
4948
-25374
-270
25669
-3825
-25401
7977
24782
-11558
-21863
14723
20238
-17990
-17432
20627
13572
-22651
-9633
24547
6769
-25752
-2299
25872
-1954
-25618
5368
24917
-9695
-22862
13245
22320
-16485
-18171
19362
15742
-21774
-12690
23766
7585
-25150
-4402
25291
163
-25203
4059
24961
-7757
-23690
11461
21548
-14698
-19799
17985
16604
-20643
-13395
22871
11014
-24535
-6040
25265
2317
-25775
1585
25350
-5135
-25000
9742
23377
-13014
-20615
16387
18416
-19380
-15920
21775
12218
-23533
-7981
24827
4342
-25594
-694
25956
-3576
-24530
7336
23726
-11726
-22587
14909
18778
-17970
-16784
20650
13590
-22850
-10042
24492
6704
-25246
-2506
26023
-1671
-25573
5683
24676
-9752
-23489
13359
21314
-16499
-18320
19371
15930
-21834
-12056
23521
8501
-24895
-4243
25634
768
-25471
3827
24674
-7792
-23727
11683
22387
-14941
-20172
18097
16539
-20627
-13138
22785
10252
-24434
-6248
25276
2650
-25871
2033
25414
-6089
-24569
9130
22199
-12860
-21061
16553
18622
-19387
-15919
21812
11712
-23637
-8101
24813
4152
-25261
-680
26257
-3767
-25082
7676
23265
-11644
-21992
14996
20481
-17934
-16891
20669
12961
-22806
-10350
24461
5756
-25370
-2574
25868
-1059
-25152
5697
24487
-9960
-21798
13077
20807
-16398
-17604
19387
15395
-21718
-11666
23670
8634
-24971
-3927
25789
326
-25452
4035
24938
-7692
-23412
11095
21488
-14888
-19242
17992
17097
-20604
-13298
22766
10107
-24096
-6806
25302
1850
-25725
1931
24934
-5433
-24488
9515
22555
-13317
-20936
16641
17915
-19367
-14741
21708
11681
-23874
-8400
24787
4110
-25632
-111
25924
-3777
-24421
7919
23714
-11492
-22225
14843
18496
-18067
-16132
20632
13606
-22622
-10316
24322
6511
-25146
-1916
25708
-1868
-25551
6155
24159
-9895
-23457
13325
20383
-16526
-17551
19387
15354
-21782
-11950
23558
8009
-24665
-3868
25044
-51
-25417
4013
25859
-34
-26014
-4513
25420
8367
-24054
-12166
22213
15308
-19700
-19027
16776
20682
-13473
-23096
9681
24841
-6358
-25527
2627
26218
2187
-25852
-6214
24865
10537
-23242
-13604
21078
16652
-18311
-19652
15153
21638
-11728
-24009
8116
25526
-3988
-26209
-82
26201
3882
-25533
-8138
24105
11872
-22214
-15583
19767
18024
-17107
-21887
13416
22946
-9497
-24597
6414
25974
-1961
-26303
-2258
25905
6257
-24714
-9363
23226
13565
-21084
-16592
18246
20425
-15012
-22444
11964
24280
-7914
-24908
4111
26125
-145
-25940
-4319
25198
7869
-23994
-11546
22181
14963
-19861
-18553
16790
21298
-13731
-23464
9827
24675
-5896
-25492
2397
26099
1930
-25699
-5886
24639
10062
-23252
-13881
21061
16800
-18440
-20315
15436
21799
-12108
-23872
7815
25707
-4196
-25789
248
25965
4362
-25378
-7904
24027
12486
-22223
-15132
19842
18534
-16904
-21543
13762
23509
-9671
-24741
6123
25478
-1752
-26322
-1871
25862
5277
-24925
-8968
23169
13206
-21052
-17815
18416
19252
-15488
-21986
12079
23679
-7626
-25432
4050
26096
-571
-26218
-3941
25393
7771
-24230
-12310
22231
15179
-19855
-18535
17041
21358
-13416
-23103
10327
24155
-6655
-25621
1771
26236
1788
-25921
-5936
24722
10441
-23317
-13891
21068
17421
-18325
-20077
15296
22251
-11892
-23838
7791
24897
-4162
-26179
559
25807
3894
-25187
-8752
24188
11779
-22251
-14308
19845
18088
-16855
-20865
13313
22724
-9905
-24560
6158
25735
-2754
-25985
-2401
25798
5601
-24688
-8599
23149
13731
-21048
-17214
18459
19949
-15539
-21747
12004
23861
-7754
-24969
4074
25738
-619
-25886
-3746
25499
7723
-24063
-11544
22207
15346
-19811
-17924
17104
21418
-13775
-22663
10180
24720
-6352
-25394
2197
25719
1996
-25623
-6289
24910
9677
-23209
-13650
21048
17163
-18423
-19957
15623
21346
-12483
-24115
8222
25008
-3958
-25564
400
25829
3949
-25502
-7306
23973
11711
-22223
-14991
19821
18093
-17065
-20974
13510
23557
-10036
-24355
6074
25896
-1987
-25828
-2042
25531
5246
-24624
-9789
23168
13546
-21080
-16053
18521
19299
-15237
-21299
11935
23640
-7904
-25152
4134
25517
-299
-26028
-3975
25203
7730
-24004
-12069
22207
15368
-19827
-17364
16894
20058
-13738
-22930
10418
23941
-6300
-25503
1688
25775
1503
-25430
-5669
24537
9379
-23206
-13256
21065
17155
-18470
-19175
15182
21463
-11962
-23738
7735
25265
-4212
-25438
982
26011
3091
-25259
-7525
24034
11301
-22208
-14783
19945
18341
-16796
-20895
13574
22895
-9978
-24399
6443
25689
-2086
-25558
-1100
25707
5941
-24715
-10108
23172
13761
-21086
-16298
18456
20214
-15486
-21887
11827
24231
-8580
-25167
4597
25296
-489
-25851
-3510
25210
8106
-23958
-10986
22204
15133
-19861
-18194
16978
20643
-13781
-22365
9789
24492
-6507
-25218
2470
25346
2773
-25603
-5564
24679
9347
-23134
-13084
21078
16247
-18540
-19112
15393
22229
-12229
-23610
8518
24106
-5009
-25988
500
25810
3501
-25215
-7613
23896
11521
-22181
-14906
19837
17194
-17142
-20325
13884
22884
-9599
-24932
6648
25376
-3210
-25437
-1291
25546
5113
-24406
-9544
23145
12931
-21085
-17287
18369
19095
-15495
-20614
12275
23244
-8516
-24967
4873
25609
-927
-25486
-3741
25060
8004
-24030
-11602
22193
14643
-19813
-17619
17169
20486
-14005
-22613
10482
24358
-6272
-25028
2825
25722
2156
-25327
-5542
24335
9107
-23102
-12706
21102
16841
-18490
-19114
15463
21822
-12099
-23576
8052
25022
-4752
-25813
720
25354
3660
-25303
-7676
23944
11504
-22149
-14735
19926
17601
-17099
-20530
13916
22605
-10556
-24295
6151
24949
-3218
-25933
-1469
25296
5012
-24592
-9711
23097
12526
-21084
-16037
18517
19493
-15660
-21258
11822
23566
-8333
-25579
4342
25312
-655
-25545
-3467
24901
6927
-23894
-10771
22195
14427
-19867
-17673
17017
20237
-13854
-22646
9843
23935
-6566
-25098
2376
25685
2016
-25424
-4975
24419
8969
-23143
-12064
21096
15892
-18625
-19779
15723
21267
-12264
-23781
8040
24827
-4784
-25767
497
25406
3432
-25008
-6497
23715
10926
-22156
-14230
19924
17307
-17127
-19650
13681
22379
-10477
-24309
6806
24310
-7103
-23968
10339
20996
-13688
-19382
16669
16247
-19410
-13477
21600
10103
-23219
-7268
24704
3092
-24678
790
24576
-4755
-25391
823
25668
3264
-25129
-7421
23806
10425
-22150
-14888
19940
17799
-17244
-20052
13847
22859
-10496
-24412
6683
24878
-2907
-25459
-1453
25337
5023
-24479
-9414
23114
12318
-21121
-16257
18590
19380
-15661
-21165
12158
23165
-8563
-24335
4667
25381
-884
-25516
-3253
25214
7689
-23979
-11407
22149
14901
-19886
-17989
17040
20411
-14018
-22084
10655
23912
-6782
-24901
3111
25453
1410
-25181
-4857
24537
9895
-23150
-12696
21116
16526
-18637
-18551
15659
21191
-12032
-23527
8616
24862
-4912
-25178
1457
25463
2883
-24912
-6358
23900
11081
-22170
-14374
19961
17460
-17300
-20327
13887
22118
-10459
-24108
6481
24828
-2779
-25292
-1341
25004
5278
-24613
-9512
23054
11974
-21118
-15925
18542
19185
-15586
-21440
12252
23125
-8791
-25314
5134
25583
-680
-25302
-3422
24909
7286
-23940
-10540
22175
13863
-19867
-17007
17198
20224
-13877
-21654
10569
23879
-6934
-23901
7145
23344
-10510
-21173
13746
19666
-16766
-16843
19430
13630
-21587
-10400
23107
6431
-24557
-2847
24641
-1380
-24652
5698
24995
-982
-25246
-2929
24917
6755
-23839
-10604
22165
14303
-19879
-17134
17278
19925
-14161
-21983
10284
24005
-7572
-25239
3405
25190
728
-25288
-4690
24501
8841
-23058
-12572
21122
15433
-18627
-18325
15654
22096
-12403
-22944
8628
24384
-4481
-25413
1300
25615
3239
-24840
-7025
23813
10751
-22130
-14382
19955
17843
-17296
-20014
14025
22054
-10597
-23417
6621
24945
-2687
-25095
-1241
24908
4605
-24559
-8574
23086
12679
-21095
-15929
18559
19055
-15826
-20720
12652
23110
-8887
-24607
4760
25362
-937
-25448
-3048
24763
6676
-23813
-9970
22161
13524
-19960
-17231
17175
20190
-13762
-22032
10777
23804
-7011
-24824
2683
25174
1137
-25046
-4629
24534
8902
-22972
-12676
21145
15669
-18669
-18259
15514
20202
-12622
-22611
9143
24123
-5293
-25095
728
25289
3135
-24932
-6894
23782
11180
-22162
-13898
19925
17210
-17323
-19626
14232
22468
-10953
-23738
6821
24429
-3378
-25213
-338
25081
5047
-24490
-7746
22958
13015
-21130
-15760
18716
18290
-15803
-20584
12423
23081
-8798
-23981
4913
24632
-819
-25365
-2479
24668
6939
-23768
-10605
22143
14112
-19970
-17129
17268
19853
-14425
-21315
10414
23514
-7186
-24615
2719
25508
1054
-25165
-4346
24318
8249
-23034
-12752
21119
14904
-18699
-18399
15785
20115
-12389
-23205
8927
24106
-5176
-24935
775
25426
3003
-24793
-6608
23906
9814
-22136
-13716
19993
17824
-17321
-19218
14035
21943
-11026
-23007
6935
24618
-3386
-25260
-985
24944
4583
-24423
-9008
22999
11653
-21140
-15313
18778
18919
-15915
-20923
12517
23156
-8953
-24558
5207
25229
-812
-24751
-2585
24570
6560
-23810
-10104
22166
14065
-20003
-17039
17355
19771
-14281
-22381
10694
23646
-7196
-25102
2997
24946
123
-24863
-3891
24563
8933
-23071
-12317
21122
15890
-18765
-18585
15750
21381
-12586
-22473
9565
23947
-5513
-24567
1619
24858
2413
-24981
-6351
23702
9828
-22129
-13067
19920
16655
-17244
-19233
14297
21650
-10734
-23684
7536
23879
-3472
-24823
-427
25235
5226
-24272
-8848
22969
12090
-21132
-15254
18785
18712
-16066
-20709
12576
23698
-9051
-24170
4802
23431
-9273
-22124
12151
19532
-15410
-16540
18229
14861
-20530
-11879
22285
8172
-23390
-5152
24225
185
-24873
3756
23353
-7267
-23259
10869
20833
-14136
-19295
16966
16224
-19455
-13206
21484
8715
-22780
-5931
23961
1998
-24291
1369
23349
-4820
-23571
9271
22310
-12553
-19706
15568
16899
-18252
-14568
20547
10659
-22361
-7713
23715
3004
-24404
-896
24447
-3433
-23407
6627
23453
-10688
-20570
14142
18544
-16923
-16126
19477
12520
-21471
-8393
23036
6228
-24122
-2399
24490
-2059
-24021
5470
22602
-9136
-21813
12511
19956
-15513
-17412
18297
14999
-20533
-10851
22357
7776
-23531
-3705
24109
6
-24605
4120
23473
-7250
-22590
10909
20437
-13923
-18294
16924
16351
-19433
-13825
21442
9621
-22626
-5934
23731
1918
-24397
1296
24632
-5194
-22852
8847
21854
-12467
-20260
15635
17720
-18264
-14617
20514
10596
-22283
-7902
23445
4122
-23872
-940
24224
-4077
-23763
7885
22005
-10500
-20597
14007
18723
-16958
-16022
19444
12321
-21465
-8622
22819
5181
-23945
-1669
24201
-1355
-23658
5088
22524
-8995
-21841
12306
19671
-15576
-17539
18365
14079
-20500
-10929
22238
7454
-23381
-3799
24325
-149
-23958
3514
24807
-4040
-25223
-295
24882
4601
-23990
-7495
23013
11681
-21141
-14898
18837
17638
-16030
-20815
12632
22582
-9008
-23767
5754
23034
-9075
-21559
12415
19914
-15790
-16970
18291
14904
-20569
-10819
22234
7642
-23478
-3937
23976
824
-23955
4015
24698
-3442
-25160
-300
24596
4665
-24228
-8653
22953
10601
-21131
-15299
18975
18170
-15951
-20443
12675
22964
-8967
-23431
5895
24716
-2022
-24819
-2365
24835
6427
-23748
-10246
22119
13355
-20018
-16654
17362
18861
-14286
-20786
11082
23334
-7646
-23802
7591
21518
-11075
-20572
13995
17987
-16806
-15243
19490
12888
-21451
-9008
22879
5397
-23828
-2023
23674
-1613
-23769
5819
24482
-1790
-24960
-2228
24743
6645
-23665
-10049
22160
13444
-20070
-16335
17554
19406
-14502
-20889
11442
22784
-7583
-23081
7178
22050
-10909
-20633
13987
19057
-16912
-15809
19491
13235
-21498
-9360
22849
5934
-23540
-1442
24398
-1829
-23960
5797
24549
-1811
-24976
-2500
24986
6028
-23627
-8998
22103
12836
-20042
-16347
17354
18827
-14394
-22347
11010
23332
-7020
-24239
3186
24492
-180
-25058
-4214
24119
7915
-22914
-10826
21177
14983
-18951
-17311
16075
19932
-12906
-22179
9086
23333
-5784
-24631
1742
24656
2349
-24556
-6169
23611
8796
-22073
-12433
20112
16069
-17590
-18898
14667
21325
-11645
-22847
7084
23716
-3643
-24801
-87
24455
3969
-24185
-7944
22944
11400
-21153
-14656
18933
18072
-15936
-20747
12834
22392
-8942
-24018
5608
22740
-9415
-21177
12542
19791
-15945
-17425
18321
14189
-20505
-10476
22105
6756
-23255
-4228
23883
-507
-23734
3401
22916
-7280
-21871
10994
19447
-14424
-17436
17233
15516
-19488
-12165
21371
8644
-23035
-5354
23585
1887
-24170
1923
23913
-5278
-22657
9438
20469
-12649
-18916
15626
16909
-18315
-14462
20540
10903
-22283
-7039
23120
3935
-23759
-221
24183
-3697
-23393
7608
22305
-11272
-19795
14204
18046
-17049
-15650
19483
12426
-21410
-9944
22879
4870
-23632
-1179
23804
-2086
-23028
5465
22526
-9608
-22239
12950
19558
-15892
-17628
18353
14210
-20495
-10154
22081
7199
-23394
-2902
23344
-268
-23811
3941
23562
-7779
-21739
11654
19816
-14285
-18045
17014
14931
-19473
-11720
21449
9077
-22690
-4291
23676
1577
-24394
2146
24173
-5890
-22631
8933
21652
-12925
-18903
15593
16518
-18322
-14074
20488
10783
-22211
-6815
23526
3241
-23434
-231
24389
-4084
-23347
7557
21877
-10992
-20768
14041
17895
-17088
-15123
19481
12710
-21367
-9012
22853
5313
-23585
-2170
23723
-2588
-23699
5409
22203
-9084
-20795
12984
19483
-15735
-16275
18318
13647
-20508
-10519
22329
7206
-23240
-3218
23762
-106
-23897
3595
22606
-8058
-21502
11303
19591
-14542
-17673
16811
15620
-19511
-11795
21419
9112
-22547
-5030
23388
1579
-23891
1983
23396
-6076
-22631
9743
21034
-12835
-18842
15889
16694
-18451
-12905
20522
9867
-22272
-7077
23046
3212
-23808
903
23477
-4328
-23924
4189
24813
23
-24821
-3615
23899
7284
-22830
-10856
21191
14175
-18961
-17286
16272
19546
-13116
-22454
9954
23682
0
0
0
0
0
0
0
